/*--------------------------------*- C++ -*----------------------------------*\
| =========                 |                                                 |
| \\      /  F ield         | OpenFOAM: The Open Source CFD Toolbox           |
|  \\    /   O peration     | Version:  v2012                                 |
|   \\  /    A nd           | Website:  www.openfoam.com                      |
|    \\/     M anipulation  |                                                 |
\*---------------------------------------------------------------------------*/
FoamFile
{
    version     2.0;
    format      ascii;
    class       faceSet;
    location    "constant/polyMesh/sets";
    object      AMI1;
}
// * * * * * * * * * * * * * * * * * * * * * * * * * * * * * * * * * * * * * //


1678
(
447929
447930
447931
447932
447933
447934
447935
447936
447937
447938
447939
447940
447941
447942
447943
447944
447945
447946
447947
447948
447949
447950
447951
447952
447953
447954
447955
447956
447957
447958
447959
447960
447961
447962
447963
447964
447965
447966
447967
447968
447969
447970
447971
447972
447973
447974
447975
447976
447977
447978
447979
447980
447981
447982
447983
447984
447985
447986
447987
447988
447989
447990
447991
447992
447993
447994
447995
447996
447997
447998
447999
448000
448001
448002
448003
448004
448005
448006
448007
448008
448009
448010
448011
448012
448013
448014
448015
448016
448017
448018
448019
448020
448021
448022
448023
448024
448025
448026
448027
448028
448029
448030
448031
448032
448033
448034
448035
448036
448037
448038
448039
448040
448041
448042
448043
448044
448045
448046
448047
448048
448049
448050
448051
448052
448053
448054
448055
448056
448057
448058
448059
448060
448061
448062
448063
448064
448065
448066
448067
448068
448069
448070
448071
448072
448073
448074
448075
448076
448077
448078
448079
448080
448081
448082
448083
448084
448085
448086
448087
448088
448089
448090
448091
448092
448093
448094
448095
448096
448097
448098
448099
448100
448101
448102
448103
448104
448105
448106
448107
448108
448109
448110
448111
448112
448113
448114
448115
448116
448117
448118
448119
448120
448121
448122
448123
448124
448125
448126
448127
448128
448129
448130
448131
448132
448133
448134
448135
448136
448137
448138
448139
448140
448141
448142
448143
448144
448145
448146
448147
448148
448149
448150
448151
448152
448153
448154
448155
448156
448157
448158
448159
448160
448161
448162
448163
448164
448165
448166
448167
448168
448169
448170
448171
448172
448173
448174
448175
448176
448177
448178
448179
448180
448181
448182
448183
448184
448185
448186
448187
448188
448189
448190
448191
448192
448193
448194
448195
448196
448197
448198
448199
448200
448201
448202
448203
448204
448205
448206
448207
448208
448209
448210
448211
448212
448213
448214
448215
448216
448217
448218
448219
448220
448221
448222
448223
448224
448225
448226
448227
448228
448229
448230
448231
448232
448233
448234
448235
448236
448237
448238
448239
448240
448241
448242
448243
448244
448245
448246
448247
448248
448249
448250
448251
448252
448253
448254
448255
448256
448257
448258
448259
448260
448261
448262
448263
448264
448265
448266
448267
448268
448269
448270
448271
448272
448273
448274
448275
448276
448277
448278
448279
448280
448281
448282
448283
448284
448285
448286
448287
448288
448289
448290
448291
448292
448293
448294
448295
448296
448297
448298
448299
448300
448301
448302
448303
448304
448305
448306
448307
448308
448309
448310
448311
448312
448313
448314
448315
448316
448317
448318
448319
448320
448321
448322
448323
448324
448325
448326
448327
448328
448329
448330
448331
448332
448333
448334
448335
448336
448337
448338
448339
448340
448341
448342
448343
448344
448345
448346
448347
448348
448349
448350
448351
448352
448353
448354
448355
448356
448357
448358
448359
448360
448361
448362
448363
448364
448365
448366
448367
448368
448369
448370
448371
448372
448373
448374
448375
448376
448377
448378
448379
448380
448381
448382
448383
448384
448385
448386
448387
448388
448389
448390
448391
448392
448393
448394
448395
448396
448397
448398
448399
448400
448401
448402
477074
448403
477075
448404
477076
448405
477077
448406
477078
448407
477079
448408
477080
448409
477081
448410
477082
448411
477083
448412
477084
448413
477085
448414
477086
448415
477087
477088
477089
477090
477091
477092
477093
477094
477095
477096
477097
477098
477099
477100
477101
477102
477103
477104
477105
477106
477107
477108
477109
477110
477111
477112
477113
477114
477115
477116
477117
477118
477119
477120
477121
477122
477123
477124
477125
477126
477127
477128
477129
477130
477131
477132
477133
477134
477135
477136
477137
477138
477139
477140
477141
477142
477143
477144
477145
477146
477147
477148
477149
477150
477151
477152
477153
477154
477155
477156
477157
477158
477159
477160
477161
477162
477163
477164
477165
477166
477167
477168
477169
477170
477171
477172
477173
477174
477175
477176
477177
477178
477179
477180
477181
477182
477183
477184
477185
477186
477187
477188
477189
477190
477191
477192
477193
477194
477195
477196
477197
477198
477199
477200
477201
477202
477203
477204
477205
477206
477207
477208
477209
477210
477211
477212
477213
477214
477215
477216
477217
477218
477219
477220
477221
477222
477223
477224
477225
477226
477227
477228
477229
477230
477231
477232
477233
477234
477235
477236
477237
477238
477239
477240
477241
477242
477243
477244
477245
477246
477247
477248
477249
477250
477251
477252
477253
477254
477255
477256
477257
477258
477259
477260
477261
477262
477263
477264
477265
477266
477267
477268
477269
477270
477271
477272
477273
477274
477275
477276
477277
477278
477279
477280
477281
477282
477283
477284
477285
477286
477287
477288
477289
477290
477291
477292
477293
477294
477295
477296
477297
477298
477299
477300
477301
477302
477303
477304
477305
477306
477307
477308
477309
477310
477311
477312
477313
477314
477315
477316
477317
477318
477319
477320
477321
477322
477323
477324
477325
477326
477327
477328
477329
477330
477331
477332
477333
477334
477335
477336
477337
477338
477339
477340
477341
477342
477343
477344
477345
477346
477347
477348
477349
477350
477351
477352
477353
477354
477355
477356
477357
477358
477359
477360
477361
477362
477363
477364
477365
477366
477367
477368
477369
477370
477371
477372
477373
477374
477375
477376
477377
477378
477379
477380
477381
477382
477383
477384
477385
477386
477387
477388
477389
477390
477391
477392
477393
477394
477395
477396
477397
477398
477399
477400
477401
477402
477403
477404
477405
477406
477407
477408
477409
477410
477411
477412
477413
477414
477415
477416
477417
477418
477419
477420
477421
477422
477423
477424
477425
477426
477427
477428
477429
477430
477431
477432
477433
477434
477435
477436
477437
477438
477439
477440
477441
477442
477443
477444
477445
477446
477447
477448
477449
477450
477451
477452
477453
477454
477455
477456
477457
477458
477459
477460
477461
477462
477463
477464
477465
477466
477467
477468
477469
477470
477471
477472
477473
477474
477475
477476
477477
477478
477479
477480
477481
477482
477483
477484
477485
477486
477487
477488
477489
477490
477491
477492
477493
477494
477495
477496
477497
477498
477499
477500
477501
477502
477503
477504
477505
477506
477507
477508
477509
477510
477511
477512
477513
477514
477515
477516
477517
477518
477519
477520
477521
477522
477523
477524
477525
477526
477527
477528
477529
477530
477531
477532
477533
477534
477535
477536
477537
477538
477539
477540
477541
477542
477543
477544
477545
477546
477547
477548
477549
477550
477551
477552
477553
477554
477555
477556
477557
477558
477559
477560
477561
477562
477563
477564
477565
477566
477567
477568
477569
477570
477571
477572
477573
477574
477575
477576
477577
477578
477579
477580
477581
477582
477583
477584
477585
477586
477587
477588
477589
477590
477591
477592
477593
477594
477595
477596
477597
477598
477599
477600
477601
477602
477603
477604
477605
477606
477607
477608
477609
477610
477611
477612
477613
477614
477615
477616
477617
477618
477619
477620
477621
477622
477623
477624
477625
477626
477627
477628
477629
477630
477631
477632
477633
477634
477635
477636
477637
477638
477639
477640
477641
477642
477643
477644
477645
477646
477647
477648
477649
477650
477651
477652
477653
477654
477655
477656
477657
477658
477659
477660
477661
477662
477663
477664
477665
477666
477667
477668
477669
477670
477671
477672
477673
477674
477675
477676
477677
477678
477679
477680
477681
477682
477683
477684
477685
477686
477687
477688
477689
477690
477691
477692
477693
477694
477695
477696
477697
477698
477699
477700
477701
477702
477703
477704
477705
477706
477707
477708
477709
477710
477711
477712
477713
477714
477715
477716
477717
477718
477719
477720
477721
477722
477723
477724
477725
477726
477727
477728
477729
477730
477731
477732
477733
477734
477735
477736
477737
477738
477739
477740
477741
477742
477743
477744
477745
477746
477747
477748
477749
477750
477751
477752
477753
477754
477755
477756
477757
477758
477759
477760
477761
477762
477763
477764
477765
477766
477767
477768
477769
477770
477771
477772
477773
477774
477775
477776
477777
477778
477779
477780
477781
477782
477783
477784
477785
477786
477787
477788
477789
477790
477791
477792
477793
477794
477795
477796
477797
477798
477799
477800
477801
477802
477803
477804
477805
477806
477807
477808
477809
477810
477811
477812
477813
477814
477815
477816
477817
477818
477819
477820
477821
477822
477823
477824
477825
477826
477827
477828
477829
477830
477831
477832
477833
477834
477835
477836
477837
477838
477839
477840
477841
477842
477843
477844
477845
477846
477847
477848
477849
477850
477851
477852
477853
477854
477855
477856
477857
477858
477859
477860
477861
477862
477863
477864
477865
477866
477867
477868
477869
477870
477871
477872
477873
477874
477875
477876
477877
477878
477879
477880
477881
477882
477883
477884
477885
477886
477887
477888
477889
477890
477891
477892
477893
477894
477895
477896
477897
477898
477899
477900
477901
477902
477903
477904
477905
477906
477907
477908
477909
477910
477911
477912
477913
477914
477915
477916
477917
477918
477919
477920
477921
477922
477923
477924
477925
477926
477927
477928
477929
477930
477931
477932
477933
477934
477935
477936
477937
477938
477939
477940
477941
477942
477943
477944
477945
477946
477947
477948
477949
477950
477951
477952
477953
477954
477955
477956
477957
477958
477959
477960
477961
477962
477963
477964
477965
477966
477967
477968
477969
477970
477971
477972
477973
477974
477975
477976
477977
477978
477979
477980
477981
477982
477983
477984
477985
477986
477987
477988
477989
477990
477991
477992
477993
477994
477995
477996
477997
477998
477999
478000
478001
478002
478003
478004
478005
478006
478007
478008
478009
478010
478011
478012
478013
478014
478015
478016
478017
478018
478019
478020
478021
478022
478023
478024
478025
478026
478027
478028
478029
478030
478031
478032
478033
478034
478035
478036
478037
478038
478039
478040
478041
478042
478043
478044
478045
478046
478047
478048
478049
478050
478051
478052
478053
478054
478055
478056
478057
478058
478059
478060
478061
478062
478063
478064
478065
478066
478067
478068
478069
478070
478071
478072
478073
478074
478075
478076
478077
478078
478079
478080
478081
478082
478083
478084
478085
478086
478087
478088
478089
478090
478091
478092
478093
478094
478095
478096
478097
478098
478099
478100
478101
478102
478103
478104
478105
478106
478107
478108
478109
478110
478111
478112
478113
478114
478115
478116
478117
478118
478119
478120
478121
478122
478123
478124
478125
478126
478127
478128
478129
478130
478131
478132
478133
478134
478135
478136
478137
478138
478139
478140
478141
478142
478143
478144
478145
478146
478147
478148
478149
478150
478151
478152
478153
478154
478155
478156
478157
478158
478159
478160
478161
478162
478163
478164
478165
478166
478167
478168
478169
478170
478171
478172
478173
478174
478175
478176
478177
478178
478179
478180
478181
478182
478183
478184
478185
478186
478187
478188
478189
478190
478191
478192
478193
478194
478195
478196
478197
478198
478199
478200
478201
478202
478203
478204
478205
478206
478207
478208
478209
478210
478211
478212
478213
478214
478215
478216
478217
478218
478219
478220
478221
478222
478223
478224
478225
478226
478227
478228
478229
478230
478231
478232
478233
478234
478235
478236
478237
478238
478239
478240
478241
478242
478243
478244
478245
478246
478247
478248
478249
478250
478251
478252
478253
478254
478255
478256
478257
478258
478259
478260
478261
478262
478263
478264
)


// ************************************************************************* //
