/*--------------------------------*- C++ -*----------------------------------*\
| =========                 |                                                 |
| \\      /  F ield         | OpenFOAM: The Open Source CFD Toolbox           |
|  \\    /   O peration     | Version:  v2012                                 |
|   \\  /    A nd           | Website:  www.openfoam.com                      |
|    \\/     M anipulation  |                                                 |
\*---------------------------------------------------------------------------*/
FoamFile
{
    version     2.0;
    format      ascii;
    class       faceSet;
    location    "constant/polyMesh/sets";
    object      AMI2;
}
// * * * * * * * * * * * * * * * * * * * * * * * * * * * * * * * * * * * * * //


1843
(
430080
430081
430082
430083
430084
430085
430086
430087
430088
430089
430090
430091
430092
430093
430094
448416
448417
448418
448419
448420
448421
448422
448423
448424
448425
448426
448427
448428
448429
448430
448431
448432
448433
448434
448435
448436
448437
448438
448439
448440
448441
448442
448443
448444
448445
448446
448447
448448
448449
448450
448451
448452
448453
448454
448455
448456
448457
448458
448459
448460
448461
448462
448463
448464
448465
448466
448467
448468
448469
448470
448471
448472
448473
448474
448475
448476
448477
448478
448479
448480
448481
448482
448483
448484
448485
448486
448487
448488
448489
448490
448491
448492
448493
448494
448495
448496
448497
448498
448499
448500
448501
448502
448503
448504
448505
448506
448507
448508
448509
448510
448511
448512
448513
448514
448515
448516
448517
448518
448519
448520
448521
448522
448523
448524
448525
448526
448527
448528
448529
448530
448531
448532
448533
448534
448535
448536
448537
448538
448539
448540
448541
448542
448543
448544
448545
448546
448547
448548
448549
448550
448551
448552
448553
448554
448555
448556
448557
448558
448559
448560
448561
448562
448563
448564
448565
448566
448567
448568
448569
448570
448571
448572
448573
448574
448575
448576
448577
448578
448579
448580
448581
448582
448583
448584
448585
448586
448587
448588
448589
448590
448591
448592
448593
448594
448595
448596
448597
448598
448599
448600
448601
448602
448603
448604
448605
448606
448607
448608
448609
448610
448611
448612
448613
448614
448615
448616
448617
448618
448619
448620
448621
448622
448623
448624
448625
448626
448627
448628
448629
448630
448631
448632
448633
448634
448635
448636
448637
448638
448639
448640
448641
448642
448643
448644
448645
448646
448647
448648
448649
448650
448651
448652
448653
448654
448655
448656
448657
448658
448659
448660
448661
448662
448663
448664
448665
448666
448667
448668
448669
448670
448671
448672
448673
448674
448675
448676
448677
448678
448679
448680
448681
448682
448683
448684
448685
448686
448687
448688
448689
448690
448691
448692
448693
448694
448695
448696
448697
448698
448699
448700
448701
448702
448703
448704
448705
448706
448707
448708
448709
448710
448711
448712
448713
448714
448715
448716
448717
448718
448719
448720
448721
448722
448723
448724
448725
448726
448727
448728
448729
448730
448731
448732
448733
448734
448735
448736
448737
448738
448739
448740
448741
448742
448743
448744
448745
448746
448747
448748
448749
448750
448751
448752
448753
448754
448755
448756
448757
448758
448759
448760
448761
448762
448763
448764
448765
448766
448767
448768
448769
448770
448771
448772
448773
448774
448775
448776
448777
448778
448779
448780
448781
448782
448783
448784
448785
448786
448787
448788
448789
448790
448791
448792
448793
448794
448795
448796
448797
448798
448799
448800
448801
448802
448803
448804
448805
448806
448807
448808
448809
448810
448811
448812
448813
448814
448815
448816
448817
448818
448819
448820
448821
448822
448823
448824
448825
448826
448827
448828
448829
448830
448831
448832
448833
448834
448835
448836
448837
448838
448839
448840
448841
448842
448843
448844
448845
448846
448847
448848
448849
448850
448851
448852
448853
448854
448855
448856
448857
448858
448859
448860
448861
448862
448863
448864
448865
448866
448867
448868
448869
448870
448871
448872
448873
448874
448875
448876
448877
448878
448879
448880
448881
448882
448883
448884
448885
448886
448887
448888
448889
448890
448891
448892
448893
448894
448895
448896
448897
448898
448899
448900
448901
448902
448903
448904
448905
448906
448907
448908
448909
448910
448911
448912
448913
448914
448915
448916
448917
448918
448919
448920
448921
448922
448923
448924
448925
448926
448927
448928
448929
448930
448931
448932
448933
448934
448935
448936
448937
448938
448939
448940
448941
448942
448943
448944
448945
448946
448947
448948
448949
448950
448951
448952
448953
448954
448955
448956
448957
448958
448959
448960
448961
448962
448963
448964
448965
448966
448967
448968
448969
448970
448971
448972
448973
448974
448975
448976
448977
448978
448979
448980
448981
448982
448983
448984
448985
448986
448987
448988
448989
448990
448991
448992
448993
448994
448995
448996
448997
448998
448999
449000
449001
449002
449003
449004
449005
449006
449007
449008
449009
449010
449011
449012
449013
449014
449015
449016
449017
449018
449019
449020
449021
449022
449023
449024
449025
449026
449027
449028
449029
449030
449031
449032
449033
449034
449035
449036
449037
449038
449039
449040
449041
449042
449043
449044
449045
449046
449047
449048
449049
449050
449051
449052
449053
449054
449055
449056
449057
449058
449059
449060
449061
449062
449063
449064
449065
449066
449067
449068
449069
449070
449071
449072
449073
449074
449075
449076
449077
449078
449079
449080
449081
449082
449083
449084
449085
449086
449087
449088
449089
449090
449091
449092
449093
449094
449095
449096
449097
449098
449099
449100
449101
449102
449103
449104
449105
449106
449107
449108
449109
449110
449111
449112
449113
449114
449115
449116
449117
449118
449119
449120
449121
449122
449123
449124
449125
449126
449127
449128
449129
449130
449131
449132
449133
449134
449135
449136
449137
449138
449139
449140
449141
449142
449143
449144
449145
449146
449147
449148
449149
449150
449151
449152
449153
449154
449155
449156
449157
449158
449159
449160
449161
449162
449163
449164
449165
449166
449167
449168
449169
449170
449171
449172
449173
449174
449175
449176
449177
449178
449179
449180
449181
449182
449183
449184
449185
449186
449187
449188
449189
449190
449191
449192
449193
449194
449195
449196
449197
449198
449199
449200
449201
449202
449203
449204
449205
449206
449207
449208
449209
449210
449211
449212
449213
449214
449215
449216
449217
449218
449219
449220
449221
449222
449223
449224
449225
449226
449227
449228
449229
449230
449231
449232
449233
449234
449235
449236
449237
449238
449239
449240
449241
449242
449243
449244
449245
449246
449247
449248
449249
449250
449251
449252
449253
449254
449255
449256
449257
449258
449259
449260
449261
449262
449263
449264
449265
449266
449267
449268
449269
449270
449271
449272
449273
449274
449275
449276
449277
449278
449279
449280
449281
449282
449283
449284
449285
449286
449287
449288
449289
449290
449291
449292
449293
449294
449295
449296
449297
449298
449299
449300
449301
449302
449303
449304
449305
449306
449307
449308
449309
449310
449311
449312
449313
449314
449315
449316
449317
449318
449319
449320
449321
449322
449323
449324
449325
449326
449327
449328
449329
449330
449331
449332
449333
449334
449335
449336
449337
449338
449339
449340
449341
449342
449343
449344
449345
449346
449347
449348
449349
449350
429187
429188
429189
429190
429191
429192
429193
429194
429195
429196
429197
429198
429199
429200
429201
429202
429203
429204
429205
429206
429207
429208
429209
429210
429211
429212
429213
429214
429215
429216
429217
429218
429219
429220
429221
429222
429223
429224
429225
429226
429227
429228
429229
429230
429231
429232
429233
429234
429235
429236
429237
429238
429239
429240
429241
429242
429243
429244
429245
429246
429247
429248
429249
429250
429251
429252
429253
429254
429255
429256
429257
429258
429259
429260
429261
429262
429263
429264
429265
429266
429267
429268
429269
429270
429271
429272
429273
429274
429275
429276
429277
429278
429279
429280
429281
429282
429283
429284
429285
429286
429287
429288
429289
429290
429291
429292
429293
429294
429295
429296
429297
429298
429299
429300
429301
429302
429303
429304
429305
429306
429307
429308
429309
429310
429311
429312
429313
429314
429315
429316
429317
429318
429319
429320
429321
429322
429323
429324
429325
429326
429327
429328
429329
429330
429331
429332
429333
429334
429335
429336
429337
429338
429339
429340
429341
429342
429343
429344
429345
429346
429347
429348
429349
429350
429351
429352
429353
429354
429355
429356
429357
429358
429359
429360
429361
429362
429363
429364
429365
429366
429367
429368
429369
429370
429371
429372
429373
429374
429375
429376
429377
429378
429379
429380
429381
429382
429383
429384
429385
429386
429387
429388
429389
429390
429391
429392
429393
429394
429395
429396
429397
429398
429399
429400
429401
429402
429403
429404
429405
429406
429407
429408
429409
429410
429411
429412
429413
429414
429415
429416
429417
429418
429419
429420
429421
429422
429423
429424
429425
429426
429427
429428
429429
429430
429431
429432
429433
429434
429435
429436
429437
429438
429439
429440
429441
429442
429443
429444
429445
429446
429447
429448
429449
429450
429451
429452
429453
429454
429455
429456
429457
429458
429459
429460
429461
429462
429463
429464
429465
429466
429467
429468
429469
429470
429471
429472
429473
429474
429475
429476
429477
429478
429479
429480
429481
429482
429483
429484
429485
429486
429487
429488
429489
429490
429491
429492
429493
429494
429495
429496
429497
429498
429499
429500
429501
429502
429503
429504
429505
429506
429507
429508
429509
429510
429511
429512
429513
429514
429515
429516
429517
429518
429519
429520
429521
429522
429523
429524
429525
429526
429527
429528
429529
429530
429531
429532
429533
429534
429535
429536
429537
429538
429539
429540
429541
429542
429543
429544
429545
429546
429547
429548
429549
429550
429551
429552
429553
429554
429555
429556
429557
429558
429559
429560
429561
429562
429563
429564
429565
429566
429567
429568
429569
429570
429571
429572
429573
429574
429575
429576
429577
429578
429579
429580
429581
429582
429583
429584
429585
429586
429587
429588
429589
429590
429591
429592
429593
429594
429595
429596
429597
429598
429599
429600
429601
429602
429603
429604
429605
429606
429607
429608
429609
429610
429611
429612
429613
429614
429615
429616
429617
429618
429619
429620
429621
429622
429623
429624
429625
429626
429627
429628
429629
429630
429631
429632
429633
429634
429635
429636
429637
429638
429639
429640
429641
429642
429643
429644
429645
429646
429647
429648
429649
429650
429651
429652
429653
429654
429655
429656
429657
429658
429659
429660
429661
429662
429663
429664
429665
429666
429667
429668
429669
429670
429671
429672
429673
429674
429675
429676
429677
429678
429679
429680
429681
429682
429683
429684
429685
429686
429687
429688
429689
429690
429691
429692
429693
429694
429695
429696
429697
429698
429699
429700
429701
429702
429703
429704
429705
429706
429707
429708
429709
429710
429711
429712
429713
429714
429715
429716
429717
429718
429719
429720
429721
429722
429723
429724
429725
429726
429727
429728
429729
429730
429731
429732
429733
429734
429735
429736
429737
429738
429739
429740
429741
429742
429743
429744
429745
429746
429747
429748
429749
429750
429751
429752
429753
429754
429755
429756
429757
429758
429759
429760
429761
429762
429763
429764
429765
429766
429767
429768
429769
429770
429771
429772
429773
429774
429775
429776
429777
429778
429779
429780
429781
429782
429783
429784
429785
429786
429787
429788
429789
429790
429791
429792
429793
429794
429795
429796
429797
429798
429799
429800
429801
429802
429803
429804
429805
429806
429807
429808
429809
429810
429811
429812
429813
429814
429815
429816
429817
429818
429819
429820
429821
429822
429823
429824
429825
429826
429827
429828
429829
429830
429831
429832
429833
429834
429835
429836
429837
429838
429839
429840
429841
429842
429843
429844
429845
429846
429847
429848
429849
429850
429851
429852
429853
429854
429855
429856
429857
429858
429859
429860
429861
429862
429863
429864
429865
429866
429867
429868
429869
429870
429871
429872
429873
429874
429875
429876
429877
429878
429879
429880
429881
429882
429883
429884
429885
429886
429887
429888
429889
429890
429891
429892
429893
429894
429895
429896
429897
429898
429899
429900
429901
429902
429903
429904
429905
429906
429907
429908
429909
429910
429911
429912
429913
429914
429915
429916
429917
429918
429919
429920
429921
429922
429923
429924
429925
429926
429927
429928
429929
429930
429931
429932
429933
429934
429935
429936
429937
429938
429939
429940
429941
429942
429943
429944
429945
429946
429947
429948
429949
429950
429951
429952
429953
429954
429955
429956
429957
429958
429959
429960
429961
429962
429963
429964
429965
429966
429967
429968
429969
429970
429971
429972
429973
429974
429975
429976
429977
429978
429979
429980
429981
429982
429983
429984
429985
429986
429987
429988
429989
429990
429991
429992
429993
429994
429995
429996
429997
429998
429999
430000
430001
430002
430003
430004
430005
430006
430007
430008
430009
430010
430011
430012
430013
430014
430015
430016
430017
430018
430019
430020
430021
430022
430023
430024
430025
430026
430027
430028
430029
430030
430031
430032
430033
430034
430035
430036
430037
430038
430039
430040
430041
430042
430043
430044
430045
430046
430047
430048
430049
430050
430051
430052
430053
430054
430055
430056
430057
430058
430059
430060
430061
430062
430063
430064
430065
430066
430067
430068
430069
430070
430071
430072
430073
430074
430075
430076
430077
430078
430079
)


// ************************************************************************* //
